04031000
04036000
04040000
04040500
04041500
04043050
04043150
04045500
04057510
04057800
04058200
04059000
04059500
04060500
04062500
04063522
04065722
04066030
04066800
04096405
04097500
04099000
04101500
04101800
04102500
04103500
04105000
04105500
04106000
04108660
04109000
04111379
04112500
04112850
04113000
04114000
04114498
04115000
04116000
04116500
04117500
04118000
04118105
04118500
04119000
04119160
04121500
04121970
04122001
04122025
04122200
04122500
04124000
04126970
04127917
04136000
04142000
04144500
04148140
04148440
04148500
04150500
04151500
04152500
04154000
04155500
04156000
04159492
04159900
04164000
04164500
04165500
04166500
04167000
04168400
04172000
04173500
04174500
04176000
